0 0.720102 0.534361 0.414461 0.050221 0.850356
0 0.286138 0.783665 0.412002 0.067995 0.843739
0 0.285146 0.145965 0.413865 0.0857648 0.823401
0 0.717007 0.130609 0.419332 0.0657461 0.804705
0 0.289246 0.414166 0.409708 0.0506687 0.800572
0 0.288744 0.652304 0.41041 0.050643 0.790313
0 0.286711 0.571771 0.414609 0.0484709 0.784332
0 0.717839 0.460757 0.409952 0.0488029 0.765698
0 0.288646 0.273152 0.409417 0.0500129 0.764902
0 0.719207 0.210356 0.406139 0.0441447 0.757048
0 0.292042 0.891284 0.407668 0.050732 0.746887
0 0.720201 0.896418 0.406627 0.0337981 0.474592
