0 0.712588 0.548571 0.418555 0.117432 0.881491
0 0.717865 0.206997 0.415765 0.051823 0.854778
0 0.282602 0.442733 0.409594 0.0573773 0.826941
0 0.714958 0.309593 0.423627 0.0843035 0.819863
0 0.285481 0.552163 0.408807 0.0439535 0.794557
0 0.288682 0.718482 0.402517 0.0431542 0.794249
0 0.285398 0.321305 0.411887 0.0450631 0.786433
0 0.287248 0.622349 0.408856 0.0369104 0.783746
0 0.288074 0.81921 0.406346 0.0418713 0.778101
0 0.285996 0.127555 0.406345 0.0313777 0.749556
0 0.285074 0.227063 0.40741 0.0319945 0.716622
