2 0.716528 0.138846 0.425593 0.162248 0.835782
0 0.285493 0.422158 0.410412 0.0563073 0.803323
0 0.722195 0.62647 0.405863 0.0474669 0.796872
0 0.285701 0.739378 0.415732 0.0534914 0.792591
0 0.717597 0.426586 0.419004 0.0356511 0.782238
0 0.7193 0.523093 0.410636 0.0351633 0.771572
0 0.288698 0.541962 0.405125 0.0295784 0.744808
0 0.287931 0.507993 0.402571 0.0305577 0.740787
0 0.29094 0.209361 0.404056 0.0341847 0.725906
0 0.285202 0.142304 0.405783 0.0471123 0.715057
0 0.286661 0.374157 0.405711 0.0336922 0.684394
0 0.290691 0.576901 0.405778 0.0275126 0.642063
