0 0.716652 0.179797 0.413478 0.0343333 0.810016
0 0.717346 0.718918 0.414135 0.0358927 0.799207
0 0.714209 0.377676 0.417179 0.0315597 0.756474
0 0.288146 0.186504 0.411773 0.0380789 0.753536
0 0.284324 0.466159 0.408651 0.0318091 0.741743
0 0.714344 0.444789 0.397571 0.0292844 0.739294
0 0.28793 0.0742825 0.413771 0.0397409 0.737211
0 0.288098 0.340794 0.406414 0.032198 0.732784
0 0.714666 0.409438 0.404412 0.0247779 0.721507
0 0.712734 0.599886 0.405147 0.0335074 0.718177
0 0.716623 0.604429 0.409199 0.0472336 0.684114
2 0.710916 0.850552 0.399233 0.133095 0.657418
0 0.711025 0.561652 0.401707 0.0278044 0.592507
2 0.283306 0.788595 0.423974 0.25444 0.551578
0 0.711749 0.585375 0.412964 0.0778695 0.417687
1 0.716037 0.850065 0.395131 0.132357 0.398347
0 0.705861 0.851244 0.401348 0.134656 0.350378
