0 0.289056 0.081459 0.424537 0.047035
0 0.289938 0.163940 0.419241 0.044308
0 0.293027 0.233129 0.406002 0.051806
0 0.286408 0.346626 0.403354 0.041581
0 0.289938 0.464213 0.413945 0.039536
0 0.286408 0.627471 0.403354 0.053851
0 0.291262 0.816292 0.413063 0.041581
0 0.291703 0.889571 0.424537 0.040900
0 0.719771 0.191547 0.396293 0.032720
0 0.720653 0.271302 0.399823 0.036810
0 0.722418 0.379346 0.412180 0.033401
0 0.717123 0.602931 0.413945 0.038855
0 0.720212 0.675187 0.423654 0.047035
0 0.715357 0.743695 0.406884 0.036810
