0 0.289497 0.120314 0.402471 0.051125
0 0.291262 0.179277 0.409532 0.036810
0 0.292586 0.263463 0.403354 0.029312
0 0.285966 0.445126 0.407767 0.034083
0 0.286849 0.479550 0.407767 0.023858
0 0.286408 0.518405 0.412180 0.044308
0 0.289938 0.558964 0.417476 0.020450
0 0.291262 0.808112 0.411297 0.025222
0 0.290380 0.839468 0.411297 0.030675
0 0.293910 0.869121 0.409532 0.021813
0 0.296117 0.896046 0.396293 0.023858
0 0.723301 0.174847 0.408650 0.030675
0 0.726831 0.236537 0.398058 0.035446
0 0.712710 0.481595 0.419241 0.044308
